function phase_shift = voltagephase(voltage)

AA=[0	0
0.317989	0.005127
0.635978	0.010254
0.953967	0.015381
1.271956	0.020508
1.589945	0.025635
1.907933	0.030762
2.225922	0.035889
2.543911	0.041016
2.8619	0.046143
3.179889	0.05127
3.497878	0.056397
3.815867	0.061523
4.133856	0.06665
4.451845	0.071777
4.769834	0.076904
5.087823	0.082031
5.405812	0.087158
5.7238	0.092285
6.041789	0.097412
6.359778	0.102539
6.677767	0.107666
6.995756	0.112793
7.313745	0.11792
7.631734	0.123047
7.949723	0.128174
8.267712	0.133301
8.585701	0.138428
8.90369	0.143555
9.221678	0.148682
9.539667	0.153809
9.857656	0.158936
10.17565	0.164063
10.49363	0.169189
10.81162	0.174316
11.12961	0.179443
11.4476	0.18457
11.76559	0.189697
12.08358	0.194824
12.40157	0.199951
12.71956	0.205078
13.03755	0.210205
13.35553	0.215332
13.67352	0.220459
13.99151	0.225586
14.3095	0.230713
14.62749	0.23584
14.94548	0.240967
15.26347	0.246094
15.58146	0.251221
15.89945	0.256348
16.21743	0.261475
16.53542	0.266602
16.85341	0.271729
17.1714	0.276855
17.48939	0.281982
17.80738	0.287109
18.12537	0.292236
18.44336	0.297363
18.76135	0.30249
19.07933	0.307617
19.39732	0.312744
19.71531	0.317871
20.0333	0.322998
20.35129	0.328125
20.66928	0.333252
20.98727	0.338379
21.30526	0.343506
21.62325	0.348633
21.94124	0.35376
22.25922	0.358887
22.57721	0.364014
22.8952	0.369141
23.21319	0.374268
23.53118	0.379395
23.84917	0.384521
24.16716	0.389648
24.48515	0.394775
24.80314	0.399902
25.12112	0.405029
25.43911	0.410156
25.7571	0.415283
26.07509	0.42041
26.39308	0.425537
26.71107	0.430664
27.02906	0.435791
27.34705	0.440918
27.66504	0.446045
27.98302	0.451172
28.30101	0.456299
28.619	0.461426
28.93699	0.466553
29.25498	0.47168
29.57297	0.476807
29.89096	0.481934
30.20895	0.487061
30.52694	0.492188
30.84492	0.497314
31.16291	0.502441
31.4809	0.507568
31.79889	0.512695
32.11688	0.517822
32.43487	0.522949
32.75286	0.528076
33.07085	0.533203
33.38884	0.53833
33.70682	0.543457
34.02481	0.548584
34.3428	0.553711
34.66079	0.558838
34.97878	0.563965
35.29677	0.569092
35.61476	0.574219
35.93275	0.579346
36.25074	0.584473
36.56873	0.5896
36.88671	0.594727
37.2047	0.599854
37.52269	0.60498
37.84068	0.610107
38.15867	0.615234
38.47666	0.620361
38.79465	0.625488
39.11264	0.630615
39.43063	0.635742
39.74861	0.640869
40.0666	0.645996
40.38459	0.651123
40.70258	0.65625
41.02057	0.661377
41.33856	0.666504
41.65655	0.671631
41.97454	0.676758
42.29253	0.681885
42.61051	0.687012
42.9285	0.692139
43.24649	0.697266
43.56448	0.702393
43.88247	0.70752
44.20046	0.712646
44.51845	0.717773
44.83644	0.7229
45.15443	0.728027
45.47241	0.733154
45.7904	0.738281
46.10839	0.743408
46.42638	0.748535
46.74437	0.753662
47.06236	0.758789
47.38035	0.763916
47.69834	0.769043
48.01633	0.77417
48.33431	0.779297
48.6523	0.784424
48.97029	0.789551
49.28828	0.794678
49.60627	0.799805
49.92426	0.804932
50.24225	0.810059
50.56024	0.815186
50.87823	0.820313
51.19622	0.825439
51.5142	0.830566
51.83219	0.835693
52.15018	0.84082
52.46817	0.845947
52.78616	0.851074
53.10415	0.856201
53.42214	0.861328
53.74013	0.866455
54.05812	0.871582
54.3761	0.876709
54.69409	0.881836
55.01208	0.886963
55.33007	0.89209
55.64806	0.897217
55.96605	0.902344
56.28404	0.907471
56.60203	0.912598
56.92002	0.917725
57.238	0.922852
57.55599	0.927979
57.87398	0.933105
58.19197	0.938232
58.50996	0.943359
58.82795	0.948486
59.14594	0.953613
59.46393	0.95874
59.78192	0.963867
60.0999	0.968994
60.41789	0.974121
60.73588	0.979248
61.05387	0.984375
61.37186	0.989502
61.68985	0.994629
62.03309	0.999756
62.88141	1.00488
63.72973	1.01001
64.57805	1.01514
65.42637	1.02026
66.27469	1.02539
67.12301	1.03052
67.97133	1.03564
68.81966	1.04077
69.66798	1.0459
70.5163	1.05103
71.36462	1.05615
72.21294	1.06128
73.06126	1.06641
73.90958	1.07153
74.7579	1.07666
75.60622	1.08179
76.45454	1.08691
77.30286	1.09204
78.15118	1.09717
78.9995	1.10229
79.84782	1.10742
80.69614	1.11255
81.54446	1.11768
82.39278	1.1228
83.2411	1.12793
84.08942	1.13306
84.93774	1.13818
85.78606	1.14331
86.63438	1.14844
87.4827	1.15356
88.33103	1.15869
89.17935	1.16382
90.02767	1.16895
90.87599	1.17407
91.72431	1.1792
92.57263	1.18433
93.42095	1.18945
94.26927	1.19458
95.11759	1.19971
95.96591	1.20483
96.81423	1.20996
97.66255	1.21509
98.51087	1.22021
99.35919	1.22534
100.2075	1.23047
101.0558	1.2356
101.9042	1.24072
102.7525	1.24585
103.6008	1.25098
104.4491	1.2561
105.2974	1.26123
106.1458	1.26636
106.9941	1.27148
107.8424	1.27661
108.6907	1.28174
109.539	1.28687
110.3874	1.29199
111.2357	1.29712
112.084	1.30225
112.9323	1.30737
113.7806	1.3125
114.629	1.31763
115.4773	1.32275
116.3256	1.32788
117.1739	1.33301
118.0222	1.33813
118.8706	1.34326
119.7189	1.34839
120.5672	1.35352
121.4155	1.35864
122.2638	1.36377
123.1122	1.3689
123.9605	1.37402
124.8088	1.37915
125.6571	1.38428
126.5054	1.3894
127.3538	1.39453
128.2021	1.39966
129.0504	1.40479
129.8987	1.40991
130.747	1.41504
131.5954	1.42017
132.4437	1.42529
133.292	1.43042
134.1403	1.43555
134.9886	1.44067
135.837	1.4458
136.6853	1.45093
137.5336	1.45605
138.3819	1.46118
139.2303	1.46631
140.0786	1.47144
140.9269	1.47656
141.7752	1.48169
142.6235	1.48682
143.4719	1.49194
144.3202	1.49707
145.1685	1.5022
146.0168	1.50732
146.8651	1.51245
147.7135	1.51758
148.5618	1.52271
149.4101	1.52783
150.2584	1.53296
151.1067	1.53809
151.9551	1.54321
152.8034	1.54834
153.6517	1.55347
154.5	1.55859
155.3483	1.56372
156.1967	1.56885
157.045	1.57397
157.8933	1.5791
158.7416	1.58423
159.5899	1.58936
160.4383	1.59448
161.2866	1.59961
162.1349	1.60474
162.9832	1.60986
163.8315	1.61499
164.6799	1.62012
165.5282	1.62524
166.3765	1.63037
167.2248	1.6355
168.0731	1.64063
168.9215	1.64575
169.7698	1.65088
170.6181	1.65601
171.4664	1.66113
172.3147	1.66626
173.1631	1.67139
174.0114	1.67651
174.8597	1.68164
175.708	1.68677
176.5563	1.69189
177.4047	1.69702
178.253	1.70215
179.1013	1.70728
179.9496	1.7124
180.798	1.71753
181.6463	1.72266
182.4946	1.72778
183.3429	1.73291
184.1912	1.73804
185.0396	1.74316
185.8879	1.74829
186.7362	1.75342
187.5845	1.75854
188.4328	1.76367
189.2812	1.7688
190.1295	1.77393
190.9778	1.77905
191.8261	1.78418
192.6744	1.78931
193.5228	1.79443
194.3711	1.79956
195.2194	1.80469
196.0677	1.80981
196.916	1.81494
197.7644	1.82007
198.6127	1.8252
199.461	1.83032
200.3093	1.83545
201.1576	1.84058
202.006	1.8457
202.8543	1.85083
203.7026	1.85596
204.5509	1.86108
205.3992	1.86621
206.2476	1.87134
207.0959	1.87646
207.9442	1.88159
208.7925	1.88672
209.6408	1.89185
210.4892	1.89697
211.3375	1.9021
212.1858	1.90723
213.0341	1.91235
213.8824	1.91748
214.7308	1.92261
215.5791	1.92773
216.4274	1.93286
217.2757	1.93799
218.124	1.94312
218.9724	1.94824
219.8207	1.95337
220.669	1.9585
221.5173	1.96362
222.3657	1.96875
223.214	1.97388
224.0623	1.979
224.9106	1.98413
225.7589	1.98926
226.6073	1.99438
227.4114	1.99951
227.7955	2.00464
228.1797	2.00977
228.5639	2.01489
228.948	2.02002
229.3322	2.02515
229.7163	2.03027
230.1005	2.0354
230.4847	2.04053
230.8688	2.04565
231.253	2.05078
231.6371	2.05591
232.0213	2.06104
232.4055	2.06616
232.7896	2.07129
233.1738	2.07642
233.5579	2.08154
233.9421	2.08667
234.3263	2.0918
234.7104	2.09692
235.0946	2.10205
235.4787	2.10718
235.8629	2.1123
236.2471	2.11743
236.6312	2.12256
237.0154	2.12769
237.3995	2.13281
237.7837	2.13794
238.1679	2.14307
238.552	2.14819
238.9362	2.15332
239.3203	2.15845
239.7045	2.16357
240.0887	2.1687
240.4728	2.17383
240.857	2.17896
241.2411	2.18408
241.6253	2.18921
242.0095	2.19434
242.3936	2.19946
242.7778	2.20459
243.1619	2.20972
243.5461	2.21484
243.9303	2.21997
244.3144	2.2251
244.6986	2.23022
245.0828	2.23535
245.4669	2.24048
245.8511	2.24561
246.2352	2.25073
246.6194	2.25586
247.0036	2.26099
247.3877	2.26611
247.7719	2.27124
248.156	2.27637
248.5402	2.28149
248.9244	2.28662
249.3085	2.29175
249.6927	2.29688
250.0768	2.302
250.461	2.30713
250.8452	2.31226
251.2293	2.31738
251.6135	2.32251
251.9976	2.32764
252.3818	2.33276
252.766	2.33789
253.1501	2.34302
253.5343	2.34814
253.9184	2.35327
254.3026	2.3584
254.6868	2.36353
255.0709	2.36865
